[29.367615  8.042187  8.53298   4.653012  8.218145 11.931154 19.837508
 12.230281 16.228749 16.151707  3.753218 14.115577  7.903395 16.371666
  4.35372  15.769206  7.96502  26.374774  8.700563 44.905612 15.496372
 21.043178 15.809706 26.759191  7.482436 20.225175 11.11282  13.837701
 12.562823  8.14152  13.778201  4.074968 16.253707  8.563938 15.65708
 15.092288 10.095109 16.112415 11.409029 13.853785  4.510928 15.266622
  8.092854 24.345019  9.761275 21.793721 10.73061   6.056181 15.924123
  4.17951  14.432244  6.347558 16.075999 12.510823  4.213011 12.761573
  6.527766  8.752522  7.932728 12.760281  8.405355 16.538249 12.686906
 19.908966 13.631118  5.310013 17.44546  12.693865 20.250551  9.543523
 17.458835 11.970363  9.039439 11.797112  4.524761 16.6285    7.621769
 20.806094 13.066282 23.4156   12.092988 15.871665 14.353827  6.066682
 15.271205 13.150241 16.793584 16.128041  9.535441 16.010373  4.283677
 16.185915  7.811894  9.105939 11.967863 24.070768 11.91453   6.176724
 16.436041  5.165221 16.230207 12.026363 14.639579  8.682272 23.061974
 11.973447  5.695681  8.836689  4.249469 15.141496 12.234322 16.604541
 12.620282  5.223596 16.25129   8.282979 16.513041 11.300528 23.383017
 12.068739  5.250263 16.00379   7.87027  14.19066   8.00227  16.119124
 10.425484 24.980063 13.500492 19.518674 15.690122 11.139152 20.240884
 11.888404 17.674628 18.164879  9.403648 16.493166 11.29007  20.094384
 12.128572 23.951643 15.22833  16.781542 16.278458 15.617997 19.401048
 13.261617 20.689718 10.756235 24.154685 11.890613 12.174197 11.895405
 21.732513 12.197697  7.527727 16.566875 12.072155 21.175844 14.109743
 20.901635 11.90778  23.477141 11.856071  5.007346 17.086584 11.396237
 21.135053 11.141486 21.254219 13.646784 18.750964 17.699836 25.210313
 16.263791 15.266996 13.551992 48.312828 11.909488 25.017396 16.245874
 26.444149 12.338906 26.150982 11.908447 15.86129  17.127209  9.438607
 12.458406  8.335938 21.108219 10.633735 12.357531  8.306145 23.539392
 15.664039 24.129018 13.443576 20.978969 12.53724  23.315224 15.866832
  9.986275 17.196418 20.669843 22.834182 13.066032 24.939271 12.70849
 24.329853 12.351031 23.702392 14.019285 19.650174 17.134335 11.046278
 21.051594 17.882503 25.553147 12.634614 24.986979 13.3277   24.951479
 14.814412 25.097146 12.646948 20.480968 10.427401 22.673139 18.476546
 12.525281 15.743373  9.837691 16.413874 10.914569 21.514804 12.450281
 21.572637 13.266616 23.81181  11.383195 27.824403 12.012697 26.81815
 14.575078 28.339571 12.73699  28.880989 10.57436  26.048774 13.789243
 23.852935 12.53474  23.32835  12.440323  8.23477  22.246389 18.643255
 16.759959 27.889819 12.363489 28.616655 10.486318 29.822783 14.11141
 24.94127  13.759201 27.160526 16.119582 24.215227 13.362075 25.189605
 12.220864 23.446809 11.085236 26.28694  14.433036 26.518775 13.437076
 13.054699 17.803836 23.872393 17.193043 28.707196 12.457823 26.527441
 15.691331 27.585778 87.105301  9.388606 12.107738  8.943147 16.543375
 12.664615 25.865357 12.534115 28.473571 12.583489 20.614843 11.722571
 23.339516 12.446573 16.574416 13.562159 22.588223 16.070165 27.266235
 14.764829 27.108317 12.491323 23.847851 12.965491 21.622096 17.339668
 25.470855 14.423911 26.910734 15.396705 18.066128  9.703774 23.532642
 12.774365 23.278683 14.150952 23.04339  13.614868  7.880686 25.828606
 18.430754 17.220376 28.027986 16.04454  19.283756 15.597331  8.189687
 21.607929 10.723027 16.401666 12.173447 24.348394 15.520872 23.949852
 13.287158 24.522478 14.928912 24.332186 13.816451 24.451894 18.474921
 21.860096 18.55313  17.358002 20.368592 16.836667 28.516405 14.424619
 26.254399 12.170655 18.605005 15.844206 27.789986 12.996532 25.065312
 13.461866 20.476093 15.648705 12.142572 20.815094 12.086322 19.716591
 18.682213 19.786675 10.821652 19.62059  14.659578 15.667497 11.068736
 16.891875 30.008575 14.618954 12.019988 16.953167 10.535943 16.896834
  8.925314 13.290033  8.63323  12.803907 23.194308 15.613497 19.503798
 15.856623 29.966366 13.223908 25.153604 15.845956 29.095739 18.241962
 31.79383  10.289067 20.412593 12.846324 24.351311 19.423924 13.940285
 24.638603 13.339783 26.006982 13.32245  20.484509 23.513934 15.671372
 27.334609 12.948574 27.852528 15.566122 32.703165 19.563716 34.980046
 29.8542   15.053829 27.103692 18.280462 28.063446 16.02629  29.429782
 15.825623 29.895991 14.127869 24.875771 13.721826 23.945226 15.732915
 20.408217 17.151501 19.532424 30.552618 11.754071 30.018616 14.982204
 30.191993 15.827206 27.827694 15.742914 15.654789 27.78282  17.972962
 29.580282 15.922706 23.836226 14.451203 24.463728 11.722862 27.999362
 14.795204 14.59737  18.972798 30.091408 30.752618 13.940368 28.544196
 15.775665 29.104531 15.108746 15.617998 28.319946 17.883794 28.268238
 17.098667 32.020622 15.532747 29.383324 14.56812  13.04124  25.906732
 13.331867 29.803116 15.884581 31.254578 13.002533 15.712705 23.886643
 17.011251 28.608696 18.776797 34.325586 13.178866 25.735731 27.906278
 22.621931 29.097864 30.628993 17.645711 21.793346 20.128133 13.578992
 24.416645 14.344369 25.918398]