[412 382 414 408 416 411 419 400 382 401 499 499 499 496 497 497 499 497
 499 499 499 499 499 495 499 495 498 482 461 498 456 489 480 479 476 465
 473 429 465 438 489 417 435 427 440 445 486 484 460 456 444 480 425 436
 395 423 440 429 433 455 439 439 448 423 424 400 367 416 409 386 395 399
 397 427 375 430 387 406 339 396 399 436 432 381 404 416 404 413 416 392
 432 378 408 403 490 404 493 497 482 477 482 495 476 497 451 465 486 495
 462 450 464 482 476 459 475 489 481 487 485 476 473 455 468 463 439 496
 497 457 464 470 448 445 486 466 458 455 442 420 491 477 454 432 422 430
 445 423 460 432 451 424 447 449 474 472 450 481 494 478 496 479 478 489
 483 495 492 495 482 490 479 476 499 497 469 472 477 492 471 439 461 462
 432 441 463 418 413 498 447 496 437 391 460 417 398 492 418 428 389 407
 413 418 391 434 402 401 420 407 362 408 251   0 405 426 423 480 482 456
 462 485 499 448 492 464 493 480 490 463 448 450 438 449 482 438 479 190
 475 474 451 421 477 451 408 480 399 407 424 492 480 447 350 484 445 422
 390 385 478 464 447 479 495 451 466 490 462 482 462 491 473 485 498 472
 485 478 488 468 481 465 481 457 470 484 470 487 477 462 434 488 465 443
 456 490 465 420 457 473 416 421 267 460 424 386 397 424 384 372 497 426
 417 420 432 458 448 414 474 471 499 459 476 484 486 465 473 498 456 486
 488 494 479 496 490 491 492 494 486 492 496 488 492 480 482 457 457 465
 480 456 489 486 481 485 432 498 475 475 479 464 455 440 453 451 447 480
 464 483 499 497 495 491 497 492 499 495 488 495 483 477 491 473 440 470
 421 490 472 439 450 493 474 420 441 483 454 443 429 477 407 417 490 422
 438 411 463 402 413 414 432 355 396 378 419 399 414 401 427 432 423 433
 374 436 415 445 388 486 486 486 479 472 441 486 448 465 494 478 498 469
 461 466 451 452 453 449 468 451 432 398 418 439 464 336 432 470 436 475
 426 425 464 429 421 461 464 464 449 460 434 453 438 466 435 442 464 459
 464 456 484 472 482 474 453 466 470 479 493 496 274 454 473 463 481 486
 491 474 488 490 475 485 491 488 481 491 471 474 486 484 476]