0.000000 0.000000 0.000584 1.000000 -0.000116 2.532681
0.000002 0.000001 0.001994 1.000000 -0.000482 2.405529
0.000000 0.000000 -0.000000 1.000000 0.000000 2.505151
0.000034 0.000024 0.007578 0.999992 -0.002355 2.258494
0.000010 0.000007 0.004319 0.999998 -0.001198 2.574373
0.000088 0.000064 0.011754 0.999979 -0.003995 2.210185
0.000010 0.000007 0.004319 0.999998 -0.001198 2.386914
0.000636 0.000493 0.029009 0.999835 -0.011658 2.140250
0.000636 0.000493 0.029009 0.999835 -0.011658 2.222783
0.000364 0.000278 0.022552 0.999906 -0.008681 2.165999
0.000000 0.000000 -0.000000 1.000000 0.000000 2.523353
0.000190 0.000143 0.016773 0.999952 -0.006112 2.124599
0.000000 0.000000 0.000000 1.000000 0.000000 2.776540
0.000636 0.000493 0.029009 0.999835 -0.011658 2.015803
0.000002 0.000001 0.001994 1.000000 -0.000482 2.385768
0.000000 0.000000 0.000584 1.000000 -0.000116 2.465475
0.000010 0.000007 0.004319 0.999998 -0.001198 2.313728
0.000000 0.000000 0.000584 1.000000 -0.000116 2.519199
0.000364 0.000278 0.022552 0.999906 -0.008681 2.187304
0.000034 0.000024 0.007578 0.999992 -0.002355 2.302649
0.000088 0.000064 0.011754 0.999979 -0.003995 2.258996
0.000190 0.000143 0.016773 0.999952 -0.006112 2.213517
0.000034 0.000024 0.007578 0.999992 -0.002355 2.305439
0.000000 0.000000 0.000000 1.000000 0.000000 2.720469
0.000000 0.000000 0.000000 1.000000 0.000000 2.648420
0.000000 0.000000 0.000584 1.000000 -0.000116 2.400683
0.000190 0.000143 0.016773 0.999952 -0.006112 2.176159
0.000364 0.000278 0.022552 0.999906 -0.008681 2.138857
0.000190 0.000143 0.016773 0.999952 -0.006112 2.220853
0.000002 0.000001 0.001994 1.000000 -0.000482 2.400462
0.000364 0.000278 0.022552 0.999906 -0.008681 2.131480
0.000010 0.000007 0.004319 0.999998 -0.001198 2.304897
0.000636 0.000493 0.029009 0.999835 -0.011658 2.109990
0.000000 0.000000 0.000584 1.000000 -0.000116 2.530915
0.000190 0.000143 0.016773 0.999952 -0.006112 2.182249
0.000636 0.000493 0.029009 0.999835 -0.011658 2.179368
0.000000 0.000000 0.000000 1.000000 0.000000 2.747647
0.000010 0.000007 0.004319 0.999998 -0.001198 2.324251
0.000190 0.000143 0.016773 0.999952 -0.006112 2.151638
0.000010 0.000007 0.004319 0.999998 -0.001198 2.392968
0.000000 0.000000 -0.000000 1.000000 0.000000 2.682051
0.000190 0.000143 0.016773 0.999952 -0.006112 2.213520
0.000000 0.000000 -0.000000 1.000000 0.000000 2.565828
0.000000 0.000000 -0.000000 1.000000 0.000000 2.597304
0.000000 0.000000 0.000000 1.000000 0.000000 2.739257
0.000364 0.000278 0.022552 0.999906 -0.008681 2.233180
0.000000 0.000000 -0.000000 1.000000 0.000000 2.495826
0.000364 0.000278 0.022552 0.999906 -0.008681 2.240113
0.000190 0.000143 0.016773 0.999952 -0.006112 2.168934
0.000002 0.000001 0.001994 1.000000 -0.000482 2.411290
0.000002 0.000001 0.001994 1.000000 -0.000482 2.436272
0.000000 0.000000 0.000584 1.000000 -0.000116 2.463101
0.000000 0.000000 0.000000 1.000000 0.000000 2.801233
0.000088 0.000064 0.011754 0.999979 -0.003995 2.324711
0.000364 0.000278 0.022552 0.999906 -0.008681 2.247267
0.000034 0.000024 0.007578 0.999992 -0.002355 2.411963
0.000002 0.000001 0.001994 1.000000 -0.000482 2.389311
0.000088 0.000064 0.011754 0.999979 -0.003995 2.146863
0.000364 0.000278 0.022552 0.999906 -0.008681 2.272935
0.000088 0.000064 0.011754 0.999979 -0.003995 2.198862
0.000034 0.000024 0.007578 0.999992 -0.002355 2.285829
0.000010 0.000007 0.004319 0.999998 -0.001198 2.414623
0.000002 0.000001 0.001994 1.000000 -0.000482 2.341013
0.000000 0.000000 -0.000000 1.000000 0.000000 2.539859
0.000034 0.000024 0.007578 0.999992 -0.002355 2.265572
0.000088 0.000064 0.011754 0.999979 -0.003995 2.184710
0.000636 0.000493 0.029009 0.999835 -0.011658 2.189035
0.000034 0.000024 0.007578 0.999992 -0.002355 2.236412
0.000636 0.000493 0.029009 0.999835 -0.011658 2.119533
0.000636 0.000493 0.029009 0.999835 -0.011658 2.163322
